6676
5715
5408
5057
4495
5658
5536
5789
4381
6017
4430
4528
4374
4127
8417
4549
4440
4011
5589
3902
4933
4375
4159
3557
4315
3011
3391
3524
3289
4422
3597
3254
3843
3174
3109
3565
3148
3035
2823
3056
3441
3189
3001
3113
3161
2815
3152
2985
3151
2774
2797
2775
2874
3285
3550
2559
3099
2696
2696
2898
2967
2736
2560
2352
2428
2368
2611
2488
2689
2462
2330
2470
2629
2598
2483
2392
2400
2229
2724
2174
2272
1940
2215
2427
2198
2287
2366
2196
2241
2136
1897
2360
2113
2002
2247
1937
2221
2132
2459
2153
