1.2362962962962962
1.0583333333333333
1.0014814814814814
0.9364814814814815
0.8324074074074074
1.0477777777777777
1.0251851851851852
1.0720370370370371
0.8112962962962963
1.1142592592592593
0.8203703703703704
0.8385185185185186
0.81
0.7642592592592593
1.5587037037037037
0.8424074074074074
0.8222222222222222
0.7427777777777778
1.035
0.7225925925925926
0.9135185185185185
0.8101851851851852
0.7701851851851852
0.6587037037037037
0.799074074074074
0.5575925925925926
0.627962962962963
0.6525925925925926
0.6090740740740741
0.8188888888888889
0.6661111111111111
0.6025925925925926
0.7116666666666667
0.5877777777777777
0.5757407407407408
0.6601851851851852
0.582962962962963
0.562037037037037
0.5227777777777778
0.5659259259259259
0.6372222222222222
0.5905555555555555
0.5557407407407408
0.5764814814814815
0.5853703703703703
0.5212962962962963
0.5837037037037037
0.5527777777777778
0.5835185185185185
0.5137037037037037
0.517962962962963
0.5138888888888888
0.5322222222222223
0.6083333333333333
0.6574074074074074
0.4738888888888889
0.5738888888888889
0.49925925925925924
0.49925925925925924
0.5366666666666666
0.5494444444444444
0.5066666666666667
0.4740740740740741
0.43555555555555553
0.44962962962962966
0.43851851851851853
0.4835185185185185
0.46074074074074073
0.49796296296296294
0.4559259259259259
0.43148148148148147
0.45740740740740743
0.48685185185185187
0.4811111111111111
0.4598148148148148
0.44296296296296295
0.4444444444444444
0.4127777777777778
0.5044444444444445
0.4025925925925926
0.42074074074074075
0.3592592592592593
0.4101851851851852
0.4494444444444444
0.40703703703703703
0.4235185185185185
0.4381481481481482
0.4066666666666667
0.415
0.39555555555555555
0.3512962962962963
0.43703703703703706
0.3912962962962963
0.37074074074074076
0.4161111111111111
0.3587037037037037
0.41129629629629627
0.39481481481481484
0.45537037037037037
0.3987037037037037
