-50317.0
-54917.0
-40582.0
-51892.0
-40664.0
-50594.0
-41876.0
-36576.0
-41958.0
-41231.0
-38070.0
-42292.0
-49952.0
-32782.0
-25912.0
-38407.0
-37962.0
-30974.0
-40350.0
-29802.0
-34171.0
-30409.0
-35650.0
-24018.0
-37814.0
-30299.0
-33453.0
-28599.0
-37656.0
-26773.0
-25119.0
-20161.0
-27252.0
-26076.0
-23593.0
-31332.0
-22859.0
-26501.0
-27386.0
-32512.0
-22439.0
-21392.0
-22499.0
-20149.0
-25810.0
-22643.0
-23968.0
-20167.0
-20156.0
-20648.0
-21231.0
-17501.0
-19715.0
-16962.0
-22077.0
-18498.0
-22268.0
-17743.0
-17001.0
-17682.0
-19149.0
-18328.0
-15466.0
-13950.0
-14217.0
-15131.0
-14857.0
-16190.0
-16043.0
-15773.0
-14177.0
-14793.0
-15316.0
-13979.0
-15327.0
-15240.0
-13082.0
-16358.0
-14275.0
-14475.0
-20137.0
-13993.0
-11708.0
-14507.0
-12916.0
-13550.0
-12367.0
-11613.0
-11316.0
-12802.0
-11369.0
-11130.0
-12189.0
-11732.0
-11488.0
-11362.0
-11084.0
-11309.0
-13033.0
-11010.0
