39682
45246
43898
36665
29776
38581
24487
49692
41166
26820
31948
23259
29621
31872
34237
33879
28233
33558
24130
25715
30886
24176
25936
21998
24839
23514
21258
22737
20081
21176
21925
19369
20277
20924
23994
21918
24317
19507
22131
24447
20656
20937
20286
20952
19669
18652
17461
20226
15930
18713
17426
16451
19202
18307
19605
16248
17292
18628
17002
16083
19435
16318
16270
16308
16059
16050
15734
14919
19926
17725
16922
16232
18606
19462
16788
15540
16282
17630
16637
14501
16428
15694
16746
19923
17278
14383
14154
14044
17398
15945
14798
17084
13576
14174
15642
14064
17178
13055
19095
14503
