7.348518518518518
8.37888888888889
8.129259259259259
6.7898148148148145
5.514074074074074
7.144629629629629
4.53462962962963
9.202222222222222
7.623333333333333
4.966666666666667
5.916296296296296
4.307222222222222
5.4853703703703705
5.902222222222222
6.340185185185185
6.273888888888889
5.2283333333333335
6.214444444444444
4.468518518518518
4.762037037037037
5.71962962962963
4.477037037037037
4.802962962962963
4.073703703703703
4.599814814814815
4.354444444444445
3.9366666666666665
4.210555555555556
3.718703703703704
3.9214814814814813
4.060185185185185
3.586851851851852
3.755
3.874814814814815
4.443333333333333
4.058888888888889
4.503148148148148
3.6124074074074075
4.098333333333334
4.527222222222222
3.8251851851851852
3.877222222222222
3.756666666666667
3.88
3.6424074074074073
3.454074074074074
3.2335185185185185
3.7455555555555557
2.95
3.4653703703703704
3.227037037037037
3.0464814814814813
3.555925925925926
3.390185185185185
3.6305555555555555
3.008888888888889
3.2022222222222223
3.4496296296296296
3.1485185185185185
2.9783333333333335
3.599074074074074
3.021851851851852
3.012962962962963
3.02
2.973888888888889
2.9722222222222223
2.9137037037037037
2.762777777777778
3.69
3.2824074074074074
3.133703703703704
3.005925925925926
3.4455555555555555
3.604074074074074
3.108888888888889
2.8777777777777778
3.015185185185185
3.2648148148148146
3.080925925925926
2.68537037037037
3.042222222222222
2.906296296296296
3.101111111111111
3.6894444444444443
3.1996296296296296
2.6635185185185186
2.621111111111111
2.600740740740741
3.2218518518518517
2.952777777777778
2.7403703703703703
3.1637037037037037
2.514074074074074
2.624814814814815
2.8966666666666665
2.6044444444444443
3.181111111111111
2.4175925925925927
3.536111111111111
2.6857407407407408
