-50745.0
-56142.0
-60245.0
-50828.0
-43766.0
-52315.0
-40439.0
-50983.0
-44746.0
-49303.0
-58651.0
-49829.0
-46703.0
-44474.0
-33840.0
-43270.0
-40173.0
-35907.0
-33680.0
-34539.0
-34748.0
-36477.0
-37707.0
-32089.0
-35226.0
-29226.0
-31318.0
-28594.0
-31208.0
-30121.0
-29149.0
-29685.0
-31438.0
-24587.0
-23944.0
-39748.0
-23777.0
-21046.0
-24261.0
-23933.0
-24282.0
-28732.0
-22278.0
-23366.0
-23825.0
-24175.0
-23281.0
-24895.0
-18222.0
-21330.0
-21256.0
-20608.0
-24085.0
-18838.0
-26494.0
-19097.0
-23120.0
-17992.0
-19382.0
-17178.0
-19107.0
-18262.0
-17276.0
-17498.0
-15648.0
-17978.0
-16282.0
-16383.0
-14701.0
-16855.0
-16055.0
-15443.0
-16715.0
-14638.0
-13334.0
-14494.0
-13263.0
-16640.0
-18644.0
-13907.0
-16664.0
-15158.0
-14873.0
-12936.0
-15545.0
-21170.0
-13364.0
-14040.0
-13740.0
-11174.0
-13593.0
-13600.0
-12150.0
-15966.0
-12465.0
-12807.0
-11906.0
-10806.0
-13615.0
-11122.0
