32418
31798
38169
25604
40275
33121
33542
29737
23160
29510
30467
28435
33662
23016
23635
39543
25794
27590
29159
23522
26686
27070
34637
22388
23679
27728
34137
19632
25006
21751
22052
19066
19448
23246
22348
29851
21128
19911
21054
20270
20955
18131
18900
23922
19484
18175
20826
16967
15949
19202
20633
19089
16131
20330
24513
20074
26197
20518
15808
17069
27110
20898
15994
15132
15875
15385
16067
19023
16353
17073
15509
17475
13489
17594
14502
16537
14134
18762
15629
14214
27954
16104
17003
15686
16656
24747
21625
16909
14671
14840
13738
14401
15694
18737
14843
12278
12923
13188
17849
14146
