6.003333333333333
5.888518518518518
7.068333333333333
4.741481481481482
7.458333333333333
6.133518518518518
6.211481481481481
5.506851851851851
4.288888888888889
5.464814814814815
5.642037037037037
5.265740740740741
6.2337037037037035
4.262222222222222
4.3768518518518515
7.322777777777778
4.776666666666666
5.109259259259259
5.399814814814815
4.355925925925926
4.941851851851852
5.012962962962963
6.414259259259259
4.145925925925926
4.385
5.134814814814815
6.321666666666666
3.6355555555555554
4.630740740740741
4.027962962962963
4.083703703703704
3.530740740740741
3.6014814814814815
4.304814814814815
4.138518518518518
5.527962962962963
3.9125925925925924
3.687222222222222
3.898888888888889
3.7537037037037035
3.8805555555555555
3.3575925925925927
3.5
4.43
3.6081481481481483
3.365740740740741
3.8566666666666665
3.142037037037037
2.9535185185185187
3.555925925925926
3.820925925925926
3.535
2.987222222222222
3.7648148148148146
4.539444444444444
3.7174074074074075
4.851296296296296
3.7996296296296297
2.9274074074074075
3.160925925925926
5.020370370370371
3.87
2.961851851851852
2.8022222222222224
2.939814814814815
2.849074074074074
2.97537037037037
3.522777777777778
3.0283333333333333
3.1616666666666666
2.872037037037037
3.236111111111111
2.497962962962963
3.2581481481481482
2.6855555555555557
3.0624074074074072
2.6174074074074074
3.4744444444444444
2.8942592592592593
2.632222222222222
5.176666666666667
2.982222222222222
3.1487037037037036
2.9048148148148147
3.0844444444444443
4.582777777777777
4.00462962962963
3.1312962962962962
2.716851851851852
2.748148148148148
2.544074074074074
2.666851851851852
2.906296296296296
3.4698148148148147
2.7487037037037036
2.2737037037037036
2.393148148148148
2.442222222222222
3.3053703703703703
2.6196296296296295
