29317
31557
49448
38548
32724
28074
32843
25651
26550
29227
28199
27128
25209
25363
25095
26913
28902
26141
24581
25630
21354
24433
39230
24706
23908
26527
24722
22019
24274
19911
23131
19136
18362
16819
20955
31880
19180
20663
19066
20121
17722
19558
19306
22571
19493
18319
18553
16006
17767
18043
17280
23689
15285
18881
19794
16808
22267
17997
15437
16698
21163
21548
14693
15422
14394
14863
15659
16367
14849
16599
14877
14034
12920
16540
13261
15681
12800
16117
15517
14550
18058
13638
14094
14535
15059
20992
18423
14658
13918
14141
12155
12607
15439
18321
12323
12594
11540
11802
17822
13729
