5.429074074074074
5.8438888888888885
9.157037037037037
7.138518518518518
6.06
5.198888888888889
6.082037037037037
4.7501851851851855
4.916666666666667
5.412407407407407
5.222037037037037
5.023703703703704
4.668333333333333
4.696851851851852
4.647222222222222
4.983888888888889
5.352222222222222
4.840925925925926
4.552037037037037
4.746296296296296
3.9544444444444444
4.524629629629629
7.264814814814815
4.575185185185185
4.427407407407407
4.912407407407407
4.5781481481481485
4.077592592592593
4.495185185185186
3.687222222222222
4.283518518518519
3.5437037037037036
3.4003703703703705
3.1146296296296296
3.8805555555555555
5.9037037037037035
3.551851851851852
3.8264814814814816
3.530740740740741
3.726111111111111
3.281851851851852
3.6218518518518517
3.5751851851851852
4.179814814814815
3.609814814814815
3.3924074074074073
3.4357407407407408
2.964074074074074
3.290185185185185
3.341296296296296
3.2
4.386851851851852
2.8305555555555557
3.4964814814814815
3.6655555555555557
3.1125925925925926
4.123518518518519
3.332777777777778
2.8587037037037035
3.0922222222222224
3.919074074074074
3.9903703703703703
2.720925925925926
2.8559259259259258
2.6655555555555557
2.752407407407407
2.899814814814815
3.030925925925926
2.749814814814815
3.073888888888889
2.755
2.598888888888889
2.3925925925925924
3.062962962962963
2.455740740740741
2.903888888888889
2.3703703703703702
2.9846296296296297
2.8735185185185186
2.6944444444444446
3.344074074074074
2.5255555555555556
2.61
2.691666666666667
2.7887037037037037
3.8874074074074074
3.4116666666666666
2.7144444444444447
2.5774074074074074
2.6187037037037038
2.2509259259259258
2.33462962962963
2.859074074074074
3.392777777777778
2.282037037037037
2.332222222222222
2.137037037037037
2.1855555555555557
3.3003703703703704
2.5424074074074072
