37977
36054
38741
49160
30415
26121
29483
60552
44348
33897
28273
25857
47581
31034
32271
31836
27976
37273
29357
29132
32015
23338
22849
24432
28734
22349
18722
37325
23034
25448
21413
22959
26764
18248
26359
26155
20414
16442
24895
21941
18586
16880
23137
18790
17430
17902
16711
21267
17164
17257
16264
17664
19880
17192
19836
15974
19810
15709
16755
17763
17472
15671
14897
17385
14483
14330
19141
15966
15795
15029
14935
13213
19661
13126
13525
13411
12738
12935
15509
11434
15306
11778
10709
15624
13451
15269
13864
12673
13440
12608
12649
15299
11731
11084
11885
10988
10602
12293
13079
11192
