7.032777777777778
6.676666666666667
7.17425925925926
9.103703703703705
5.632407407407407
4.8372222222222225
5.4598148148148145
11.213333333333333
8.212592592592593
6.277222222222222
5.235740740740741
4.788333333333333
8.811296296296296
5.747037037037037
5.976111111111111
5.895555555555555
5.180740740740741
6.9024074074074075
5.436481481481482
5.394814814814815
5.928703703703704
4.321851851851852
4.231296296296296
4.524444444444445
5.321111111111111
4.138703703703704
3.467037037037037
6.912037037037037
4.265555555555555
4.712592592592593
3.9653703703703704
4.251666666666667
4.956296296296296
3.379259259259259
4.881296296296297
4.843518518518518
3.7803703703703704
3.044814814814815
4.610185185185185
4.063148148148148
3.441851851851852
3.1259259259259258
4.28462962962963
3.47962962962963
3.227777777777778
3.315185185185185
3.0946296296296296
3.9383333333333335
3.1785185185185183
3.1957407407407405
3.011851851851852
3.2711111111111113
3.6814814814814816
3.1837037037037037
3.6733333333333333
2.958148148148148
3.6685185185185185
2.909074074074074
3.102777777777778
3.2894444444444444
3.2355555555555555
2.902037037037037
2.758703703703704
3.2194444444444446
2.682037037037037
2.653703703703704
3.54462962962963
2.9566666666666666
2.925
2.783148148148148
2.765740740740741
2.446851851851852
3.640925925925926
2.430740740740741
2.5046296296296298
2.4835185185185185
2.358888888888889
2.39537037037037
2.872037037037037
2.1174074074074074
2.8344444444444443
2.181111111111111
1.983148148148148
2.8933333333333335
2.490925925925926
2.8275925925925924
2.5674074074074076
2.3468518518518517
2.488888888888889
2.334814814814815
2.3424074074074075
2.833148148148148
2.1724074074074076
2.0525925925925925
2.200925925925926
2.0348148148148146
1.9633333333333334
2.2764814814814813
2.422037037037037
2.0725925925925925
