6555
6235
5654
6020
5153
4907
4354
5858
9429
4548
3710
3863
4740
4506
6133
4212
4345
4120
4859
3638
5170
4599
4476
3512
3753
3866
3421
3558
3504
3318
3568
4471
3501
3314
3109
3310
3000
3739
3251
3631
4013
3236
3462
2944
2930
3267
2480
2989
2761
3119
2787
3190
3081
2996
3422
2612
3021
2918
3419
2869
3138
2782
2750
2710
2870
2844
2677
2852
2985
2593
2579
3345
3160
2930
3373
2932
2410
2883
2707
2530
2927
2664
2804
3143
2712
2756
2822
2802
2420
2432
2621
2790
2619
2845
2446
2320
2378
2502
2902
2728
