1.2138888888888888
1.1546296296296297
1.047037037037037
1.114814814814815
0.9542592592592593
0.9087037037037037
0.8062962962962963
1.084814814814815
1.7461111111111112
0.8422222222222222
0.687037037037037
0.7153703703703703
0.8777777777777778
0.8344444444444444
1.1357407407407407
0.78
0.8046296296296296
0.762962962962963
0.8998148148148148
0.6737037037037037
0.9574074074074074
0.8516666666666667
0.8288888888888889
0.6503703703703704
0.695
0.715925925925926
0.6335185185185185
0.6588888888888889
0.6488888888888888
0.6144444444444445
0.6607407407407407
0.827962962962963
0.6483333333333333
0.6137037037037038
0.5757407407407408
0.6129629629629629
0.5555555555555556
0.6924074074074074
0.602037037037037
0.6724074074074075
0.7431481481481481
0.5992592592592593
0.6411111111111111
0.5451851851851852
0.5425925925925926
0.605
0.45925925925925926
0.5535185185185185
0.5112962962962962
0.5775925925925925
0.5161111111111111
0.5907407407407408
0.5705555555555556
0.5548148148148148
0.6337037037037037
0.4837037037037037
0.5594444444444444
0.5403703703703704
0.6331481481481481
0.5312962962962963
0.5811111111111111
0.5151851851851852
0.5092592592592593
0.5018518518518519
0.5314814814814814
0.5266666666666666
0.49574074074074076
0.5281481481481481
0.5527777777777778
0.48018518518518516
0.47759259259259257
0.6194444444444445
0.5851851851851851
0.5425925925925926
0.6246296296296296
0.542962962962963
0.4462962962962963
0.5338888888888889
0.5012962962962964
0.4685185185185185
0.542037037037037
0.49333333333333335
0.5192592592592593
0.582037037037037
0.5022222222222222
0.5103703703703704
0.5225925925925926
0.5188888888888888
0.44814814814814813
0.45037037037037037
0.4853703703703704
0.5166666666666667
0.485
0.5268518518518519
0.45296296296296296
0.42962962962962964
0.44037037037037036
0.4633333333333333
0.5374074074074074
0.5051851851851852
